0 0.479726 0.510733 0.162194 0.216458
0 0.609123 0.555456 0.039356 0.127013
0 0.717651 0.384615 0.070364 0.110912
0 0.841085 0.422182 0.081097 0.100179
0 0.495826 0.229875 0.182469 0.112701
0 0.882826 0.146691 0.059630 0.075134
0 0.849434 0.736136 0.071556 0.123435
0 0.254323 0.906977 0.057245 0.053667
0 0.180382 0.924866 0.047704 0.118068
0 0.121944 0.900716 0.035778 0.112701
0 0.129100 0.559034 0.054860 0.137746
0 0.723017 0.923077 0.071556 0.078712
0 0.974657 0.389982 0.050089 0.078712
0 0.615086 0.032200 0.056052 0.064400