0 0.522052 0.529517 0.122775 0.121646
0 0.694891 0.475850 0.106087 0.114490
0 0.662111 0.228086 0.059600 0.180680
0 0.647807 0.053667 0.047680 0.107334
0 0.380801 0.091234 0.054832 0.182468
0 0.264582 0.200358 0.079863 0.178891
0 0.167434 0.563506 0.092975 0.250447
0 0.040805 0.676208 0.081610 0.128801
0 0.056579 0.921288 0.052448 0.085868
0 0.263986 0.720930 0.052448 0.153846
0 0.353385 0.894454 0.133503 0.118068
0 0.628735 0.817531 0.102511 0.125224
0 0.837334 0.697674 0.076287 0.186047
0 0.909449 0.905188 0.096551 0.157424